P = [0 1/3 0 1/2; 1/2 0 0 0; 1/2 1/3 0 1/2; 0 1/3 1 0]

P =

         0    0.3333         0    0.5000
    0.5000         0         0         0
    0.5000    0.3333         0    0.5000
         0    0.3333    1.0000         0

PageRank(P)

ans =

    0.2143
    0.1072
    0.3214
    0.3571

diary off
