u = [1,2,3,4]

u =

     1     2     3     4

v = [2,4,6,8]

v =

     2     4     6     8

mydot(u,v)

ans =

    60

dot(u,v)

ans =

    60

MyDiagMatrix(3)

ans =

   110     0     0
     0   320     0
     0     0   530

MyDiagMatrix(2)

ans =

   110     0
     0   320

MyDiagMatrix(5)

ans =

   110     0     0     0     0
     0   320     0     0     0
     0     0   530     0     0
     0     0     0   740     0
     0     0     0     0   950

diary off
