B = [-7 4 -2 -8 6; 8 7 2 3 -1; 6 -6 6 0 -7; -6 2 -9 2 0; -9 6 7 5 0]

B =

    -7     4    -2    -8     6
     8     7     2     3    -1
     6    -6     6     0    -7
    -6     2    -9     2     0
    -9     6     7     5     0

mydet(B)

ans =

      -77871

det(B)

ans =

  -7.7871e+04

diary off
