T = [-3 -9 -5 -7 -1; -8 8 -6 0 5; 2 2 -4 2 -4; 1 7 0 4 -6; 4 2 7 5 5]

T =

    -3    -9    -5    -7    -1
    -8     8    -6     0     5
     2     2    -4     2    -4
     1     7     0     4    -6
     4     2     7     5     5

[L,U] = MYLU(T)

L =

    1.0000         0         0         0         0
    2.6667    1.0000         0         0         0
   -0.6667   -0.1250    1.0000         0         0
   -0.3333    0.1250    0.4026    1.0000         0
   -1.3333   -0.3125   -0.4091   -2.5610    1.0000


U =

   -3.0000   -9.0000   -5.0000   -7.0000   -1.0000
         0   32.0000    7.3333   18.6667    7.6667
         0         0   -6.4167   -0.3333   -3.7083
         0         0         0   -0.5325   -5.7987
         0         0         0         0  -10.3049

T - L*U

ans =

   1.0e-15 *

         0         0         0         0         0
         0         0         0         0         0
         0         0   -0.4441         0    0.8882
         0         0         0         0   -0.8882
         0         0         0         0         0

diary off
