A = [1 -5 -4 -9 5; -3 0 -4 -1 0; -8 -3 -9 -3 -2; 8 -8 -6 9 5; 4 7 -4 0 -3]

A =

     1    -5    -4    -9     5
    -3     0    -4    -1     0
    -8    -3    -9    -3    -2
     8    -8    -6     9     5
     4     7    -4     0    -3

b = [-9,-4,7,6,-2]

b =

    -9    -4     7     6    -2

mySolve(A,b)

ans =

    1.0501
   -2.7225
    0.2137
   -0.0050
   -4.5707

A*ans

ans =

   -9.0000
   -4.0000
    7.0000
    6.0000
   -2.0000

diary off
