A = [5 5 5 4 6; 1 0 2 3 -5; 9 12 6 9 -9; 2 1 3 -5 7]

A =

     5     5     5     4     6
     1     0     2     3    -5
     9    12     6     9    -9
     2     1     3    -5     7

csolve(A)
Rank of Matrix A is 4
pivot variables:     1     2     4     5

free variables:     3

diary off
